1545911
1191585
1689660
1278103
1539494
1478545
1647969
1418748
1599709
1317311
1096481
1398368
1527087
1689015
1882079
1808707
1258394
1645940
1266160
1562921
1136536
1542330
1029511
1030444
1819277
1093265
1777846
1412604
1365918
1066747
1771323
1498762
1559690
1058953
1725483
1698043
1840251
1319246
1802391
1000528
1211428
1959788
1666910
1843095
1008506
1665270
1797961
1296305
1747094
1950539
1307718
1150880
1973737
1996101
1562166
1325639
1950654
1519263
1027162
1143395
1046148
1621175
1824799
1822843
1234258
1578042
1734441
1810151
1266985
1706583
1925536
1068075
1714338
1985141
1359912
1865068
1959409
1049813
1922352
1152567
1480332
1630722
1013576
1541863
1693049
1195493
1088700
1345679
1927942
1491595
1458498
1855163
1658682
1519380
1520329
1530290
1423658
1752575
1880724
1496138
1216263
1083789
1891628
1709257
1716300
1899174
1167833
1896672
1436111
1077143
1586061
1468552
1513643
1683713
1399734
1959496
1835016
1215641
1225733
1630980
1133568
1497002
1659446
1013472
1414387
1238531
1826782
1643334
1185123
1329454
1430645
1529038
1189315
1465835
1687616
1497095
1825381
1336043
1516401
1393558
1206976
1312258
1654778
1502780
1100911
1397332
1991667
1623589
1073048
1528699
1895218
1171960
1893607
1128872
1403996
1717564
1002223
1375608
1966103
1194259
1776275
1593768
1223234
1227282
1734229
1683666
1586007
1950397
1398112
1558471
1234597
1739208
1114250
1119935
1088258
1271773
1687334
1572159
1603547
1404987
1478491
1897081
1496975
1708774
1038659
1860613
1315792
1234986
1758331
1465619
1357539
1558231
1401999
1231785
1019250
1305415
1971735
1304917
1391691
1723382
1151401
1604433
1947748
1837412
1210368
1540428
1326322
1357629
1511572
1166231
1475600
1475691
1531391
1653163
1944124
1715840
1804556
1536387
1163875
1548505
1548461
1147482
1253984
1158818
1587515
1632828
1731738
1691545
1785470
1851289
1407259
1962014
1547876
1057338
1567433
1488201
1847008
1615215
1964119
1375817
1966150
1003392
1780224
1703548
1646626
1253609
1009585
1268338
1784323
1314832
1803836
1207415
1483442
1777297
1990779
1237912
1429255
1687401
1785763
1476657
1276503
1783815
1047820
1910022
1760064
1604027
1228854
1015550
1292032
1727312
1820157
1223185
1420595
1328831
1084121
1362354
1069444
1664339
1541719
1409913
1556038
1821407
1005071
1404254
1066223
1261427
1882936
1663333
1352415
1153970
1645938
1823630
1651191
1604817
1700983
1266544
1843906
1326515
1545289
1637138
1576368
1789181
1672257
1561251
1715585
1002366
1555262
1883991
1742827
1320437
1777178
1112672
1032295
1538123
1848132
1682802
1456010
1209033
1854441
1402835
1016125
1315266
1973091
1552811
1488575
1520660
1008540
1886817
1337239
1191335
1291090
1205485
1682030
1181099
1398073
1331666
1829104
1074757
1452890
1283628
1111684
1980861
1952368
1876806
1879436
1420661
1879668
1486290
1828376
1610982
1008757
1119912
1993474
1697752
1172127
1091437
1323049
1076236
1869549
1668250
1240980
1585124
1983175
1104846
1943675
1767788
1690821
1504779
1679725
1847277
1931968
1703535
1258100
1139750
1023938
1731167
1917043
1857719
1098772
1478063
1004938
1806142
1247964
1232078
1799643
1114727
1173243
1305683
1433467
1028925
1961135
1380759
1338708
1764060
1571391
1054765
1096212
1809826
1053379
1848510
1779726
1734948
1059044
1041027
1382345
1142959
1434202
1468048
1575840
1536513
1866866
1945888
1507092
1231639
1871239
1355336
1314260
1037604
1896191
1247452
1336993
1198990
1824547
1212287
1527655
1431371
1934984
1036604
1364263
1725662
1602381
1425229
1009402
1586949
1750114
1563248
1020695
1827213
1326110
1986830
1348964
1590337
1255223
1282008
1906289
1502347
1602292
1656532
1147119
1489009
1572256
1390571
1299234
1360989
1232179
1704277
1846567
1730256
1942283
1216024
1212579
1911600
1521590
1580753
1159392
1152382
1114698
1223860
1832458
1318678
1225467
1756709
1535854
1380253
1985312
1243645
1060649
1704885
1185536
1497452
1459185
1120932
1139439
1017766
1642524
1832139
1871643
1784875
1958731
1324210
1836817
1154888
1644240
1583838
1744258
1769140
1753073
1949684
1021805
1073313
